 1 
 5 
 10 
 15 
 20 
 25 
 30 
 35 
 40 
 50 















 1.1 
 1.78 
 3.66 
 7.52 
 10 
 13.38 
 16.02 
 17.06 
 26.16 
 33.44 
 1 
 1 
 1 
 1 
 1 
 1 
 1 
 1 
 1 
 1 
 1 
 1 
 1 
 1 
 1 
 0.14 
 0.23 
 0.47 
 0.96 
 1.27 
 1.7 
 2.04 
 2.17 
 3.33 
 4.26 
 1 
 1 
 1 
 1 
 1 
 1 
 1 
 1 
 1 
 1 
 1 
 1 
 1 
 1 
 1 
 0.91 
 2.81 
 2.73 
 1.99 
 2 
 1.87 
 1.87 
 2.05 
 1.53 
 1.5 
 1 
 1 
 1 
 1 
 1 
 1 
 1 
 1 
 1 
 1 
 1 
 1 
 1 
 1 
 1 
 7.14 
 22.05 
 21.45 
 15.66 
 15.7 
 14.67 
 14.7 
 16.1 
 12 
 11.74 
 1 
 1 
 1 
 1 
 1 
 1 
 1 
 1 
 1 
 1 
 1 
 1 
 1 
 1 
 1 
